ktp: 3673042106920001
kkId: 3673043004820001


3601021308770003
3601022805570001

3601022806470009
3601022805570001

3601022302680051
3601022805570001

3672022711650010
3672020712710001


3672022309620024
3672020712710001




3602041002500448
3602040705620004


3602040905590472
3602040705620004

3602041112760282
3602040705620003

3602041403600264
3602040705620003

3602041501980304
3602040705620003


3602022410980022
3602021602840001

3602022506590095
3602021602840001

3604011010770017
3604012407940001

3604012807890073
3604012407940001

3604012306810088
3604012407940001

3604012802020080
3604012407940001

3672031807980004
3672033108980001

3672030204980019
3672033108980001


3601031502640125
3601030706880002


3671032804780126
3601030706880002

3601041011470127
3601030706880002

3671011709860128
3601030706880002

3672031509440129
3601030706880002

3604041406680130
3601030706880002

3601031606700139
3601030706880002

3601030705970217
3601030706880002

3601030302580218
3601030706880002


3674021510790045
3674021503910001

3674021711810140
3674021503910001

3674021603940245
3674021503910001

3672012511710246
3674021503910001

3674022202020248
3674021503910001

3603020108940249
3674021503910001

3604040408820250
3674021503910001

3673032703480251
3674021503910001

3671040403620032
3671042707880001

3603031702390421
3603030401750006


3603031806660436
3603030401750006

3603030401490465
3603030401750006